13872260193
315266
15926634888
889756
15927929188
316895
18972140598
326319
18772587611
306140
15826570681
387215
13972307641
810128
13886612169
445385
13545829886
537297
13545699543
275723
13872448755
632137
18071496673
401953
15171117675
575490
13986651071
871031
13908616898
976681
18086205533
993681
13797429372
339795
13872348700
192579
13872333235
162010
13476981920
684689
13477820169
598651
13972335150
187546
13264620838
367920
13617266607
088894
13687156569
180670
15971585115
389807
15327776305
906261
13476987166
224374
15027000866
806334
15608617590
335791
13593887090
669694
13593887090
669694
15272619393
112373
13986721016
579983
13545818715
247010
13886608986
403503
15926637955
826770
15872153855
944240
13617165766
718883
13593800929
172843
15827715200
761445
17882441447
618972